性能指标[[653, 30, 745, 65]]
SIT测试环境[[16, 70, 145, 103]]
(4core 8G)[[30, 108, 137, 138]]
版本[[174, 103, 223, 140]]
服务接口[[273, 103, 364, 138]]
请求[[420, 123, 463, 156]]
平均响[[492, 108, 551, 139]]
90%请求[[575, 108, 647, 139]]
95%请求[[664, 108, 737, 139]]
99%请求[[752, 108, 824, 139]]
吞吐率[[840, 123, 900, 154]]
流量[[933, 123, 975, 156]]
2个节点[[44, 142, 128, 177]]
总数[[420, 156, 463, 189]]
应时间[[492, 141, 551, 172]]
响应时[[580, 141, 640, 172]]
响应时[[669, 141, 729, 172]]
响应时[[757, 141, 817, 172]]
TPS[[852, 160, 888, 189]]
KB/S[[931, 160, 975, 189]]
(ms)[[499, 175, 545, 207]]
间(ms)[[580, 175, 640, 207]]
间(ms)[[669, 175, 729, 207]]
间(ms)[[757, 175, 817, 207]]
1并发[[60, 235, 106, 266]]
1345[[435, 238, 472, 264]]
11[[512, 238, 531, 264]]
15[[599, 238, 620, 264]]
16[[689, 238, 710, 264]]
25[[777, 238, 799, 264]]
84.2[[852, 238, 890, 264]]
31.45[[930, 238, 977, 264]]
5并发[[60, 266, 106, 293]]
4415[[435, 268, 472, 293]]
11[[512, 268, 531, 293]]
14[[599, 268, 620, 293]]
17[[689, 268, 710, 293]]
23[[777, 268, 799, 293]]
422[[856, 268, 886, 293]]
157.59[[928, 268, 979, 293]]
20并发[[58, 295, 108, 322]]
11204[[432, 297, 475, 322]]
13[[512, 297, 531, 322]]
18[[599, 297, 620, 322]]
21[[689, 297, 708, 322]]
28[[777, 297, 799, 322]]
1341.8[[847, 297, 899, 322]]
500.66[[928, 297, 979, 322]]
100并发[[50, 325, 111, 352]]
21293[[432, 325, 475, 352]]
64[[512, 325, 531, 352]]
72[[599, 325, 620, 352]]
115[[685, 325, 714, 352]]
168[[774, 325, 804, 352]]
1497.1[[847, 325, 899, 352]]
556.52[[928, 325, 979, 352]]
1并发[[60, 360, 106, 388]]
网点不一致事中抽查[[241, 350, 390, 375]]
领取任务[[241, 377, 308, 403]]
40[[447, 365, 468, 390]]
5197[[499, 365, 535, 390]]
6037[[595, 365, 630, 390]]
6267[[683, 365, 718, 390]]
6695[[771, 365, 806, 390]]
0.2[[856, 365, 886, 390]]
0.08[[934, 365, 972, 390]]
1并发[[60, 415, 106, 442]]
网点不一致事中抽查[[241, 406, 390, 431]]
提交任务[[241, 433, 308, 459]]
1190[[437, 420, 472, 447]]
15[[512, 420, 531, 447]]
21[[599, 420, 620, 447]]
27[[689, 420, 710, 447]]
33[[777, 420, 799, 447]]
287.1[[852, 420, 895, 447]]
125.09[[928, 420, 979, 447]]
1并发[[60, 463, 106, 490]]
1785[[437, 465, 472, 490]]
103[[505, 465, 533, 490]]
195[[599, 465, 626, 490]]
257[[685, 465, 712, 490]]
401[[774, 465, 801, 490]]
8.7[[856, 465, 886, 490]]
3.8[[936, 465, 968, 490]]
5并发[[60, 492, 106, 519]]
派件GIS地址推荐网点[[241, 502, 393, 527]]
2656[[437, 492, 472, 519]]
143[[505, 492, 533, 519]]
242[[599, 492, 626, 519]]
289[[685, 492, 712, 519]]
440[[774, 492, 804, 519]]
32.1[[854, 492, 890, 519]]
14.06[[930, 492, 975, 519]]
20并发[[58, 520, 108, 547]]
5106[[437, 520, 472, 547]]
303[[505, 520, 533, 547]]
494[[599, 520, 626, 547]]
584[[685, 520, 714, 547]]
849[[774, 520, 804, 547]]
44.5[[854, 520, 890, 547]]
19.47[[930, 520, 975, 547]]
100并发[[50, 550, 111, 575]]
8037[[437, 550, 472, 575]]
1161[[500, 550, 533, 575]]
1617[[595, 550, 630, 575]]
1962[[683, 550, 718, 575]]
2295[[771, 550, 806, 575]]
84.5[[854, 550, 890, 575]]
36.61[[930, 550, 975, 575]]
1并发[[60, 577, 106, 604]]
1045[[437, 577, 472, 604]]
10[[512, 577, 531, 604]]
13[[599, 577, 620, 604]]
17[[689, 577, 710, 604]]
26[[777, 577, 799, 604]]
43.7[[854, 577, 890, 604]]
16.05[[930, 577, 975, 604]]
5并发[[60, 604, 106, 632]]
V2.5[[180, 604, 218, 632]]
派件GIS电话网点[[241, 614, 360, 639]]
2719[[437, 604, 472, 632]]
8[[515, 605, 529, 630]]
10[[599, 605, 620, 632]]
12[[689, 605, 710, 632]]
21[[777, 605, 799, 632]]
242.7[[852, 604, 895, 632]]
89.18[[930, 604, 975, 632]]
20并发[[58, 633, 108, 660]]
7413[[437, 633, 472, 660]]
13[[512, 633, 531, 660]]
16[[599, 633, 620, 660]]
20[[689, 633, 710, 660]]
39[[777, 633, 799, 660]]
525.3[[852, 633, 895, 660]]
193.24[[928, 633, 979, 660]]
100并发[[50, 661, 111, 688]]
11914[[432, 661, 475, 688]]
47[[512, 661, 531, 688]]
81[[599, 661, 620, 688]]
110[[685, 661, 714, 688]]
169[[774, 661, 804, 688]]
660.1[[852, 661, 895, 688]]
242.05[[928, 661, 979, 688]]
1并发[[60, 690, 106, 717]]
3283[[437, 690, 472, 717]]
16[[512, 690, 531, 717]]
19[[599, 690, 620, 717]]
22[[689, 690, 710, 717]]
31[[777, 690, 799, 717]]
35.8[[854, 690, 890, 717]]
12.84[[930, 690, 975, 717]]
5并发[[60, 719, 106, 746]]
派件SSS电话网点[[241, 719, 360, 744]]
4950[[437, 719, 472, 746]]
16[[512, 719, 531, 746]]
19[[599, 719, 620, 746]]
24[[689, 719, 710, 746]]
35[[777, 719, 799, 746]]
172.3[[852, 719, 895, 746]]
61.67[[930, 719, 975, 746]]
20并发[[58, 746, 108, 773]]
8858[[437, 746, 472, 773]]
20[[512, 746, 531, 773]]
32[[599, 746, 620, 773]]
38[[689, 746, 710, 773]]
59[[777, 746, 799, 773]]
566.7[[852, 746, 895, 773]]
202.86[[928, 746, 979, 773]]
100并发[[50, 776, 111, 802]]
11867[[432, 776, 475, 802]]
71[[512, 776, 531, 802]]
106[[599, 776, 626, 802]]
125[[685, 776, 714, 802]]
172[[774, 776, 804, 802]]
735.5[[852, 776, 895, 802]]
262.69[[928, 776, 979, 802]]
1并发[[60, 803, 106, 830]]
1094[[437, 803, 472, 830]]
28[[512, 803, 531, 830]]
36[[599, 803, 620, 830]]
48[[689, 803, 710, 830]]
224[[774, 803, 804, 830]]
24.9[[854, 803, 890, 830]]
11.88[[930, 803, 975, 830]]
5并发[[60, 832, 106, 859]]
派件GIS根据地址获取[[241, 822, 393, 847]]
2114[[437, 832, 472, 859]]
28[[512, 832, 531, 859]]
49[[599, 832, 620, 859]]
55[[689, 832, 710, 859]]
144[[774, 832, 804, 859]]
125.3[[852, 832, 895, 859]]
59.67[[930, 832, 975, 859]]
20并发[[58, 860, 108, 887]]
经纬度[[241, 850, 290, 877]]
5705[[437, 860, 472, 887]]
47[[512, 860, 531, 887]]
103[[599, 860, 626, 887]]
230[[685, 860, 714, 887]]
311[[774, 860, 801, 887]]
325.6[[852, 860, 895, 887]]
155.12[[928, 860, 979, 887]]
100并发[[50, 888, 111, 915]]
10706[[432, 888, 475, 915]]
148[[505, 888, 533, 915]]
332[[599, 888, 626, 915]]
420[[685, 888, 714, 915]]
663[[774, 888, 804, 915]]
520.8[[852, 888, 895, 915]]
247.7[[930, 888, 975, 915]]
1并发[[60, 917, 106, 944]]
派件领取任务[[241, 915, 338, 940]]
1042[[437, 917, 472, 944]]
79[[512, 917, 531, 944]]
167[[599, 917, 626, 944]]
227[[685, 917, 712