部份大型屋苑成交吹價[[348, 22, 648, 64]]
成交宗數[[345, 103, 429, 139]]
吹價 (元)[[671, 103, 755, 139]]
最近30天[[239, 179, 319, 214]]
上月同比[[350, 179, 426, 214]]
差幅(%)[[464, 179, 529, 214]]
最近30天[[565, 161, 645, 195]]
最近30天[[671, 161, 751, 195]]
與上月同比[[771, 161, 871, 195]]
平均[[905, 159, 951, 197]]
(资料来源-土地册處)[[25, 201, 184, 230]]
建[[586, 199, 625, 234]]
實用[[692, 199, 732, 234]]
實用差幅%[[777, 199, 867, 234]]
實用率[[897, 199, 961, 234]]
太古城[[109, 243, 167, 279]]
32[[266, 243, 291, 279]]
35[[375, 243, 400, 279]]
-8.6%[[472, 243, 520, 279]]
11,996[[579, 243, 631, 279]]
13,780[[688, 243, 740, 279]]
1.6%[[802, 243, 842, 279]]
86%[[910, 243, 947, 279]]
杏花邮[[109, 288, 167, 324]]
24[[266, 288, 291, 324]]
16[[375, 288, 400, 324]]
50.0%[[470, 288, 523, 324]]
9,974[[579, 288, 631, 324]]
11,847[[688, 288, 740, 324]]
-0.3%[[800, 288, 847, 324]]
84%[[910, 288, 947, 324]]
港島區[[22, 336, 85, 372]]
海怡半島[[109, 336, 185, 372]]
15[[266, 336, 291, 372]]
16[[375, 336, 400, 372]]
-6.3%[[472, 336, 520, 372]]
9,648[[579, 336, 631, 372]]
12,084[[688, 336, 740, 372]]
-2.6%[[800, 336, 847, 372]]
80%[[910, 336, 947, 372]]
寶翠園[[109, 381, 167, 417]]
1[[270, 381, 286, 415]]
3[[380, 381, 396, 415]]
-66.7%[[468, 381, 525, 417]]
14,055[[579, 381, 631, 417]]
18,332[[688, 381, 740, 417]]
2.6%[[800, 381, 842, 417]]
77%[[910, 381, 947, 417]]
置富花園[[109, 426, 185, 462]]
9[[270, 426, 286, 460]]
6[[380, 426, 396, 460]]
50.0%[[470, 426, 523, 462]]
9,543[[579, 426, 631, 462]]
11,261[[688, 426, 740, 462]]
30.4%[[798, 426, 849, 462]]
85%[[910, 426, 947, 462]]
美孚新邮[[109, 471, 185, 507]]
35[[266, 471, 291, 507]]
34[[375, 471, 400, 507]]
2.9%[[475, 471, 519, 507]]
7,368[[579, 471, 631, 507]]
9,833[[688, 471, 740, 507]]
3.5%[[800, 471, 842, 507]]
75%[[910, 471, 947, 507]]
麗港城[[109, 516, 167, 552]]
21[[266, 516, 290, 552]]
26[[375, 516, 400, 552]]
-19.2%[[470, 516, 525, 552]]
7,945[[579, 516, 631, 552]]
9,921[[688, 516, 738, 552]]
2.0%[[800, 516, 842, 552]]
80%[[910, 516, 947, 552]]
九龍區[[22, 559, 85, 595]]
黄埔花園[[109, 561, 185, 597]]
21[[266, 561, 290, 597]]
28[[375, 561, 400, 597]]
-25.0%[[468, 561, 525, 597]]
9,986[[579, 561, 631, 597]]
11,606[[688, 561, 740, 597]]
1.9%[[802, 561, 842, 597]]
86%[[910, 561, 947, 597]]
柏景灣[[109, 606, 167, 642]]
3[[270, 606, 286, 640]]
6[[380, 606, 396, 640]]
-50.0%[[468, 606, 525, 642]]
11,619[[579, 606, 631, 642]]
15,602[[688, 606, 740, 642]]
-1.0%[[800, 606, 847, 642]]
74%[[910, 606, 947, 642]]
淘大花園[[109, 651, 185, 687]]
23[[266, 651, 291, 687]]
23[[375, 651, 400, 687]]
0.0%[[475, 651, 519, 687]]
8,369[[579, 651, 631, 687]]
10,816[[688, 651, 740, 687]]
0.6%[[800, 651, 842, 687]]
78%[[910, 651, 947, 687]]
嘉湖山莊[[109, 696, 185, 732]]
58[[266, 696, 291, 732]]
77[[375, 696, 400, 732]]
-24.7%[[468, 696, 525, 732]]
5,036[[579, 696, 631, 732]]
6,525[[688, 696, 740, 732]]
4.4%[[800, 696, 842, 732]]
77%[[910, 696, 947, 732]]
沙田第一城[[109, 741, 203, 777]]
42[[266, 741, 291, 777]]
63[[375, 741, 400, 777]]
-33.3%[[468, 741, 525, 777]]
8,848[[579, 741, 631, 777]]
11,162[[688, 741, 740, 777]]
1.0%[[802, 741, 842, 777]]
79%[[910, 741, 947, 777]]
大埔中心[[109, 786, 185, 822]]
19[[266, 786, 291, 822]]
15[[375, 786, 400, 822]]
-26.7%[[468, 786, 525, 822]]
7,350[[579, 786, 631, 822]]
9,851[[688, 786, 738, 822]]
0.1%[[800, 786, 842, 822]]
75%[[910, 786, 947, 822]]
新界區[[22, 810, 85, 846]]
映灣園[[109, 831, 167, 867]]
16[[266, 831, 291, 867]]
18[[375, 831, 400, 867]]
-11.1%[[472, 831, 520, 867]]
5,960[[579, 831, 631, 867]]
8,007[[688, 831, 740, 867]]
-0.1%[[800, 831, 847, 867]]
74%[[910, 831, 947, 867]]
珀麗灣[[109, 876, 167, 912]]
32[[266, 876, 291, 912]]
31[[375, 876, 400, 912]]
-3.2%[[472, 876, 520, 912]]
6,904[[579, 876, 631, 912]]
8,985[[688, 876, 740, 912]]
1.2%[[802, 876, 842, 912]]
77%[[910, 876, 947, 912]]
將軍澳中心[[109, 921, 203, 957]]
16[[266, 921, 291, 957]]
27[[375, 921, 400, 957]]
-40.7%[[468, 921, 525, 957]]
8,203[[579, 921, 631, 957]]
10,977[[688, 921, 740, 957]]
-0.1%[[800, 921, 847, 957]]
75%[[910, 921, 947, 957]]